1152860
1783080
1911770
1886450
2732120
2264770
2633910
2567120
2122480
1622060
1438660
1251280
2247320
2836292
1318420
1795690
2833559
2761650
2172030
1856810
1933050
2177820
1686480
2041010
1548050
1747230
1842070
1954600
2584590
2169350
2434820
2587450
2526590
2260110
2809100
2082210
2082200
2836280
2809040
2246190
2160750
2536750
1263240
2770850
1794760
2779730
2442640
2829096
2712670
2397020
2224290
2722580
2828746
2186090
1717620
2542260
2212170
2227980
2832560
1765910
2604290
1679280
1468140
2834060
2236520
2238820
2707910
2263010
2447910
2168740
1777330
2506960
2512970
2629750
2694050
2265510
1608700
2786710
2409530
2244000
2834600
1842060
2752590
2786720
2237280
2447030
2828157
2210720
2580910
2205220
2527870
1814450
1733330
2228870
2196850
2773290
2408290
2208200
1821290
1521630
2619910
2258030
2200290
2828968
2829634
2811080
2045010
2180240
2647480
2028750
2405730
2572720
2625580
2166680
2616990
2259500
2268590
2827993
1845960
2649300
2688720
2202420
2835787
2194760
2826202
2833594
1739060
1584240
2825969
2579700
2241380
2116450
2564340
2014240
2833238
2826287
1476200
2560220
1797330
2239260
2177960
2230180
2636250
2420620
2837971
2835220
2613150
2764030
2253810
2042230
2437190
2132620
1915670
1776860
2136280
2628800
2798480
2831761
1488555
2649200
2006320
1734060
1675990
1837610
1749790
2142880
2238670
2771040
2608380
1623760
1174710
1397140
1296110
2598640
1782900
2822430
2839350
2583310
2583290
2117480
2033360
2833650
2827751
1621120
1865200
2581580
2245320
1746970
2786140
2067080
1627860
2845150
2829564
2693180
2695590
2631690
2829930
2839258
2123020
1891790
1865490
2046740
2673490
2507590
2262760
2188300
2747790
1573700
2578600
1780980
2067520
1625580
1845080
2627980
2812520
2827154
2842161
1194440
1909200
1823710
1364150
2643750
1320480
1775170
2528930
2263270
2088840
1279570
1983980
2276420
2811310
2616100
2831277
1753250
2593430
2832920
2816940
2531220
2741240
2827857
2843767
2131610
1978140
2682040
1971610
2828136
1734150
2049350
1943110
2842763
1779380
1831720
1476130
2827259
1747450
1822760
2028770
2250690
2235470
1994130
2438370
2713860
2122270
1940820
2416000
1718240
2844885
2624250
1838150
1674160
1640330
1832020
2826335
2833449
1779500
2187300
2836376
2578830
2612050
2840894
1936530
2241010
2611360
2764820
2628570
1922500
2530780
2615830
2266750
1698460
2264940
2611350
2178480
2843563
2677740
2240340
2592630
2212840
2838558
2112150
2842555
1831010
2062850
2096900
1793640
1891190
2615530
2201460
2460630
2100920
2274850
2669100
2578670
2604930
1984030
2009930
2230690
2193420
2830750
2838749
2799420
2801110
2713050
1908480
1726330
2209050
2847563
2186030
2695470
2829570
1726320
2827127
2409720
1841640
2238500
2756880
2271190
1759790
2777290
2839425
1663920
2265470
2630710
2836065
2046920
2186630
2251430
2208000
2213620
2848450
2238810
2206970
2439450
1810830
2832203
2706690
2170240
2580900
2723630
2716420
1948820
2522900
1832950
1778640
1841430
2240020
1438540
2171170
1483120
2540500
2266030
2441600
2190030
1780750
2153480
2238640
1575450
2190040
1173610
2713300
1579790
1242500
1716380
2623900
2147230
2830711
2273110
2567040
2831010
1643670
2058960
1809700
1783020
1792150
1680120
1699650
2268220
2195140
2400000
2834028
2096850
2245570
1947230
2511310
2828733
2571760
2606560
2620310
2148080
2178290
1547760
2247060
2570910
2610320
1799750
1238250
1158410
2230410
2669790
2565880
2269740
2128990
2826052
1928500
1685520
2126210
1616820
2464890
1841400
1675800
2347870
2030720
1775690
1681960
1700630
1972290
2406110
2828932
1364560
2831624
1731050
1241370
1906130
1331570
2678300
1840040
2093860
1645620
2694140
2446960
2779430
2738840
1867530
2829073
1336300
1624610
1413620
1844340
2789010
1844790
2513300
2740880
2104240
2834220
1443160
2236480
1781670
2578510
2773930
2101610
2603320
2658270
1972480
2713970
2833851
2789840
2534520
2667760
2826056
2238540
2527110
1692210
1193870
2842553
1468640
2059050
2239070
2845410
1671730
1729660
1740450
1799920
2835160
2826054
2153560
2274350
1871960
1795890
1659700
2451900
2242170
2372920
1621450
2045220
1932110
2248830
2805120
2205620
2835551
2687190
2122650
1862940
1931380
2840519
1418960
1882230
2585110
2663480
2524210
2517680
1849060
2651220
2017260
2220950
1896240
2402220
2845196
1913570
2224910
2238660
2198320
2144300
2519420
2134740
2801440
1844720
2764850
1364630
2040940
2760940
2114520
2579290
1682530
1215970
1522000
2840539
1779750
1680830
2834432
2032890
2043880
2835273
1916670
1180650
2784850
2713080
2832825
1252020
2161110
2833883
2597460
2190930
2840155
2826057
1670010
2668150
2270850
2589370
1295580
2196350
2834116
2718580
1813600
2663690
2408830
2835245
2103920
1838430
2025610
2162010
1978620
2577670
2597800
2185910
2159650
2685690
2210390
2604820
2846289
2729310
2716600
2260900
2514720
2618740
2514350
1005760
2670580
2064485
2227720
1729120
2453390
2393710
2831472
2512210
2628300
2046340
2401050
2417990
1713300
2729320
2843118
2502540
2241140
2831469
2572240
2836559
2067090
2236990
2636000
2212260
1778330
1572390
1887270
2679660
2185890
2181550
1623890
2679680
2231020
2432270
2179700
2576740
2843546
2832065
1621830
2193300
2428070
2249390
1821340
2172930
2186200
2663660
2554390
2752800
1259340
1902790
2050380
2240520
1839890
2174370
2212290
2810160
1574210
2679690
2185970
2220980
2839825
2834597
2030550
2843196
2204950
2578480
2750720
2118570
2574380
1836900
2153470
2044130
2262740
2684340
2530920
2243230
2405780
2213070
2829278
2178150
2122300
2839501
2825400
2248740
2229700
2153950
1886180
2608360
2834595
2118140
2580380
2273300
2579710
1398000
2597050
2775550
2603280
2831066
2240170
2687690
2179940
2693960
2159370
2843185
2614120
2095850
2624370
2269080
1566830
2456100
1778500
2623630
2567050
2222470
2122290
2166600
2179190
2702160
2200280
2837290
2594310
2624460
2577720
2581900
2232720
2221210
2561240
2198620
2158750
2265140
2066730
2561180
2606870
2424190
2441370
2559610
1448630
2394530
1445180
1542440
2781060
1555760
1859740
2832946
1744250
2750110
2633430
2135770
1629080
2184430
2558580
2733370
2781040
2843050
2511850
2167620
1757940
2844414
2602340
1822350
2832730
2664340
2838772
2835978
2019150
1815730
2097530
2267860
2716430
2103810
2838069
2837750
2601860
2664430
2663380
2845356
2704680
1748880
2460230
2268230
2749950
2603910
2643830
2844602
2006460
2176250
1621710
2583320
2833734
2432690
2597420
2827139
2103780
2590860
1230490
2840768
2021450
2707030
2841370
2632260
2248110
2587580
2167170
2826789
2570510
2259980
2166530
2832546
2274040
1180630
2693190
2200200
2602110
2194770
2703110
2843438
2140990
2838130
2565320
2148810
2566640
1738440
1826720
2567760
2093350
2586420
2571610
2729790
2175710
2094160
2631000
2201450
2067370
2396510
2166270
2247470
1628700
2512960
2223730
2513850
2575580
2070050
2789340
2180250
2794840
2624840
2842980
2141150
2820610
2265480
2829367
2832269
2833292
2566630
1742980
2195510
1867970
2828151
2839605
2273670
2573500
1853440
2829275
1815310
1178720
1742240
2167540
2064830
2234710
2189790
2166340
2164340
2811670
1711100
1810690
2268430
2810260
2429980
1869910
2377980
2126530
2793280
1230290
1858680
2626930
2640010
2674250
2108080
2670590
1381020
2531720
2438250
1709020
1704230
1704330
2082410
2083160
2573960
2617380
2633340
2587770
1779730
2714790
2632760
2345650
2600140
1803650
2027210
2835385
2105140
2833679
1430300
1182080
2045360
2272060
2767030
2748450
2689600
2056390
1738410
1178310
2205750
2081940
2841030
2672650
2142090
2828557
2048090
2614100
2723750
2716690
2149280
2668880
2605740
1948760
1607870
2133900
2743410
2444520
1839370
2204910
1620930
2401620
1687180
2125230
2400590
2691360
1744540
2423140
1989790
2640580
2098390
1878750
1948130
1184060
2241270
2759340
2828228
2803290
2241260
2833500
2435150
1247020
1820860
1509390
2399630
1831800
2206410
2591720
1664400
1608900
2652900
1557670
1219860
2697850
2616850
2411400
2837979
2741800
2076440
2439770
2735550
2843103
2824730
2396270
1816200
1448090
1724380
2781870
2060800
2833888
2630020
2833887
2439120
2191870
2001100
1972710
2566430
2136480
2059340
2662620
2184030
2118940
1814760
1936440
2265290
2606950
1998150
2844425
1287820
2103930
1854330
1709990
2640850
1970600
1973340
2721490
2035680
2634730
2502600
2838529
2263530
2191820
1794580
2409220
2656160
2618560
1900960
2242560
2142580
2809680
1625290
2540240
2188840
2449870
2685890
2137320
1600340
2833307
2214280
2428320
1888230
2179480
2214210
2234130
1772080
2537910
2265500
2591050
2014780
1978870
1639150
2154070
2585370
2655500
2816930
2694350
2227430
2669590
2123010
2605720
2161700
1737900
2136460
1341730
2176200
1530420
2161210
1728640
2263450
2510350
2606540
2831636
2828421
2062280
1797400
1866620
2263460
1939220
2171660
2427350
2409290
2446550
1380930
1687170
1206320
2511440
2536720
1977580
2535400
1529120
2538010
1732840
2837046
2209970
2713870
2135590
2830968
2568570
1999260
1512810
2057500
2841970
1828910
2039940
1871560
2625430
2056920
2831327
1858070
2838809
1907490
2577340
1373180
2839969
2606570
2832602
2206470
2602710
2768730
2752610
2241700
2828724
2109570
1775850
2526440
1719690
2835998
2642100
2583860
2064060
2830081
2520160
2031670
2413010
2411390
1178850
1974680
2827747
2206910
2698100
1906320
2693350
1745970
2604960
2244990
2093680
1335350
2834172
2829139
1212810
2536200
2826136
2033830
2228610
2271670
2176500
2586280
2577680
2738260
2674340
2089820
1517350
2763810
1972550
2847534
1871170
1858230
2428720
2784130
2249420
2739530
2683120
2655390
1839320
2841003
2509730
2259220
1628840
1708880
2663650
2837663
2560390
2644880
2768570
2667050
2200510
2651280
2739540
2148970
2832590
1826750
2518310
2269650
2768470
2576440
1646240
2194880
2532080
2826667
2092980
2437480
2257580
2663240
2842038
1702930
2805900
2521930
2266340
2521920
2241680
2837441
1700290
1797540
2571430
2626110
2831740
2158780
2782590
1823950
2705950
1575125
2230780
2259300
2606840
2830365
2215330
2839710
2251150
2452170
2615450
1668060
2438360
2707170
2068590
2673930
2117260
2429190
2828768
2590260
2743860
2619310
2514170
2265430
2842689
2172520
2817810
1061760
2241490
2178280
2798800
2663640
2263320
1832920
2836092
2615180
2113550
2557310
2575730
2686920
2713700
2829358
2254410
2067100
2570580
2829316
2828486
2230170
2635510
2613490
1973020
2601800
2026500
2653590
1705530
2836075
2228070
2779260
2075730
2075790
2198800
2594440
1488550
1534370
2192140
2594430
2039520
2228980
2183900
2175910
2724060
2142450
2605440
1723710
2163180
2212270
2265280
2114070
2827734
2706440
1671510
2827560
2560890
1321680
2829356
2180980
2138290
2845304
1259070
1918360
2432710
2679440
2783530
2569690
2713580
2712370
1778830
2216870
2181050
2818180
2230750
2839926
2166060
2525590
2589850
2166950
1827900
2826962
2843416
1403260
2556620
2067340
1977780
2271720
2566650
2641470
2244080
1891560
2708740
2838615
1780610
1949330
2162780
2638850
2528840
2843757
2796990
2638670
2678490
2186190
2721500
2113600
2254380
1898050
2830753
2446400
2703700
1336120
2791830
2829913
2641540
2464670
2603240
2187100
2563760
2826180
2245670
2454340
1804320
2426700
2432640
2600260
2714370
2819490
2750620
2252180
2530820
2444510
2632590
2845668
2829389
2826152
2154210
2704800
2586760
2174380
1832110
2599210
2606270
2812310
2395030
1839110
1443780
2581050
2685800
2611440
2688210
1789710
1750890
2276410
2604710
2218500
2502500
2245270
2581920
2231450
2198580
2662020
2812220
1809460
1875970
2254370
1878060
1575250
1476300
2261010
2080070
2506880
2707050
2748690
2036730
2566310
2574120
2546620
2687820
2186080
2188450
2706590
2706580
2836968
2730010
2809850
2817820
2589830
2513310
2215860
1527410
1547830
1732660
2239970
2774670
2829024
1735260
2699370
1791060
2421400
2217750
2459450
2838771
2563380
1646460
2715610
2715650
2776430
1418510
2514190
2601810
2193470
1742830
2561150
2588780
2828441
2222020
2195620
2612790
2843633
2770960
1652920
1984250
2764010
2576110
2830552
2736540
1833250
2576460
2713400
1679600
2158800
2095380
1584320
2623700
1809790
2012250
1701010
2416230
2589630
1703010
1754490
2826897
2774230
2783830
2245790
2809840
2707880
2657050
1710700
2826301
2529590
2766830
1013150
2060500
2443880
1816080
2830759
2829332
2566290
1740570
2515060
2755310
2192150
2236030
2230730
2411500
1726650
2741790
2513680
2764250
1711370
1195030
2697840
2836909
2454970
2212330
2455970
2685280
1824820
2828468
2179570
2826860
2817200
2221540
2148290
1456430
2063800
2839351
1510800
1661200
2042170
1404650
2200040
2586240
2662520
1785940
2244520
2057490
2592320
2424270
2828044
2245540
2830249
2836020
2583990
2376180
2639700
1900330
1781620
2784750
2626840
2801140
2812780
2841111
2799040
2216290
1685450
1855080
2693510
2594340
2450310
2022240
2431950
2561190
2504720
2044230
2831764
2838007
2432870
2244070
2604080
2064480
2112620
1778560
2827635
2359110
1221490
2786620
2673200
2842842
2534530
1443150
2838140
2842391
2214630
2839247
2138770
2770970
1812240
2833706
1990610
2243160
1864230
2535390
2627640
2436910
2569800
2591290
2582680
2577660
1694030
2239000
1694335
2224220
1793300
2032940
2626880
2764650
2586190
2709290
1970520
2813410
2836248
1680020
1680010
2720520
1523880
2626400
2208390
2248820
2439220
1464820
2185850
2653700
2265420
1902720
2833771
2524090
2835495
2024330
2208380
2608620
2833828
2002080
2570330
2272690
2812270
2829255
2405950
2058320
2688680
2667130
2421410
2678700
2247120
2833220
2723220
2608440
2504440
1781140
2639070
2013790
1781030
2842670
2847985
2686990
1973250
2827060
2202720
2026510
1258370
2269030
2250270
2697410
2184400
1482300
2546140
2210440
2142590
2838358
2234470
2205740
2836315
2842561
2696790
1701050
2576700
2835458
2532000
2737660
2759830
2519470
2142440
2699430
2808720
2842979
1311490
2761260
2066930
2173220
2584540
2601400
2221550
2105740
2226580
2842930
2827010
1708420
2439160
2252010
2642050
2238920
2833599
1828220
2729230
2751110
2265450
2837085
2831959
2595150
2846207
2662690
2085450
2264300
1795120
2250260
2845820
2605710
2192590
2536640
2648070
2501980
1769620
2839246
1838870
2267640
1680650
2238900
2677610
2270090
2698900
2563290
2129250
2843690
1890920
1211520
2584130
1846840
2814960
2407360
2238940
2612470
2834390
2603220
2832927
2428680
2525240
2152820
2577530
2831595
1282800
2564510
1443730
2023950
2254040
2213110
2217020
2533750
2829285
2533740
2396370
2662450
2831593
1975960
1810890
2787550
2784190
2785050
2559740
2791590
1754660
2826491
2271680
2639440
1730190
2125990
1844740
2256160
2756970
2033780
2079880
1527550
2828687
2429930
2207440
2628350
2738930
2125105
2833079
2217660
2540610
2707210
2830812
2168540
2744100
2524050
2795080
2847389
1830400
2541810
2827955
2197120
2847602
1855770
2415850
2224170
2438750
2406400
1994740
2222260
2385110
2444150
2826445
2242230
2169130
2194030
2220090
2173140
2600030
2709900
1628750
2829122
1756540
2063290
2830045
2652870
2833398
1977630
2118850
2162020
2476840
2830806
2618050
1975710
2176150
2234120
2170290
2224010
2183270
2515410
2205570
2098930
2476730
2616880
2077480
2826321
2121490
2061600
2406240
1921140
2829935
2238950
2827314
2557390
2810700
2129140
2429180
1996710
2838024
2242590
2446490
2427080
1989670
1181230
2842888
2536450
2535930
2208280
2846958
2609740
2526980
2826459
2712830
2576610
2844106
2827566
2827499
2606960
2170890
2831117
2729220
2153510
2661130
2824780
2254580
2079680
2736730
2761070
2458340
2098740
2012660
2450410
2758180
2705970
2786800
2173920
2526770
2832915
2096750
2161860
1885780
1685620
2384250
2605760
2826657
2371280
2598720
2837950
2237220
2144050
2663810
2829121
2843404
2790950
2832164
