2841217
2841242
2841282
2841336
2841405
2841610
2841762
2841808
2841975
2841989
2842007
2842131
2842169
2842175
2842239
2842648
2842923
2842937
2843032
2843206
2843257
2843282
2843326
2843357
2843784
2844062
2844184
2844596
2844599
2844640
2844661
2844812
2844813
2844814
2844827
2844961
2845171
2845366
2845543
2845620
2845756
2846054
2846209
2846470
2846476
2846514
2846526
2846607
2846621
2846871
2846897
2847114
2847211
2847213
2847271
2847364
2847404
2847406
2847434
2847476
2847549
2847656
2847804
2847930
