2090710
1440470
2247730
1438190
1339500
1339120
2611930
1896440
2598000
1443210
2552640
2565240
2836519
1598580
2040130
1703930
2575820
1442140
1623890
1443590
2827600
1442250
1442340
1766060
2412560
2845562
2734760
2747710
2174700
1563820
1733570
1774880
1446650
1445820
2519500
2741390
2837073
2460200
1896680
2592420
2787970
2012520
2605440
1650290
2253370
2254110
1447640
1654250
1703520
2242850
2833564
1707000
2826571
2838069
2173290
2754470
1446330
2808100
1446510
1447820
1619800
1776760
2209270
1447190
1446520
1653050
1445870
2093230
1653080
2838170
1784190
1896870
2783200
1445900
1446840
1563830
2843208
1446350
1733650
2738120
2833559
2776960
1598610
1981050
1446570
1446630
1692460
2397700
2575340
1773880
1446990
1450650
1449480
1896970
1919330
2776690
2836477
1446380
2839268
1661800
2528220
2209390
2737620
2821590
1733590
1446890
1619750
1621450
2727970
1773940
1446390
2181990
1773890
2400260
2830498
1445950
1619710
1661590
1703530
1733520
1774850
1897100
1449310
2209400
2593790
2832842
1445960
2135770
2611450
2848220
1696480
2461760
2627760
1240720
1449270
2086210
1654580
2268670
1574250
2833299
1784170
1707010
1446620
1661790
2843580
2843584
2843585
2843581
1739640
1897190
2841441
1922010
1524040
1897310
1455460
2826790
1788810
1661730
1455070
1688100
1789230
1788760
1927990
2706820
1789240
2826010
2628800
2185520
2832543
1654150
1702870
1897490
2517860
2845046
1702500
2681690
1702850
2843198
2843196
2843194
1444480
1829450
1701580
1700810
2747570
2747670
2191890
2765550
2747690
2843200
2219060
1788700
1454770
2404680
2207580
1454880
1455470
1661670
2227950
2808610
2747650
2209260
2209330
1897740
2141440
1444090
2831985
2843502
2276000
2515030
2248070
1918560
2763550
2845105
2833415
2026550
2098570
1298770
2021910
2571520
2181540
2181550
1942840
2833811
1735960
1616360
2843470
2060190
1688080
1686720
1688090
2730620
2848145
1452200
2729200
1451990
1452220
2104510
2451310
2229900
1624000
2843054
1452300
2414630
1452450
1452460
1898250
2831068
1452630
1452640
2088670
1770690
2230170
1452750
1452760
1452770
1770660
2844018
1452730
1944130
1451780
1452820
1451810
1688070
2826235
1452910
2845769
1452940
1984540
2549760
1770760
1451420
2269650
1687790
2835255
2844317
2833830
1453140
1451450
2562650
2270570
2806610
1770710
1623970
1453290
1898350
1453410
2567850
1774550
1453520
1687830
1687810
1454330
1702410
2609950
2844833
1691500
2633630
1691490
2599090
1717720
1688310
1717630
1691550
1688370
1688390
1456430
1456440
1717710
2051170
1956730
2693170
1702380
2746290
2602160
1688270
1702310
2611230
2061330
2104390
1739580
2762470
2762570
1956750
2199660
1713240
2521930
1457670
1457810
1457820
1457870
2117240
2838312
2837601
2841147
1791980
1458240
1458250
1458260
1458720
1458310
1582530
2379580
2807240
2827709
2840844
1458680
1458690
1458700
1458710
1458930
1582550
1458970
2590630
2835361
1459100
1459120
1459140
1459220
2837666
2132290
2101250
2216180
2832075
2559020
2559070
2830231
1684780
2830277
1518530
2065360
1664465
2568530
2560250
1741410
2190100
2644170
1508440
2232920
2397230
2174830
1642720
1899500
1832180
1842070
1832090
2560390
1460270
1460300
1460310
1842120
1832210
2423010
2250080
1460800
1460430
2825858
1899660
1842000
1189260
1842040
2401620
1460710
2832906
1827430
2185910
2837861
2178290
1954180
1461720
1461830
2219660
1582660
1462410
2276990
2380190
1462600
2763870
1656390
1900020
2846986
1900080
2141980
1729990
1900130
1900140
1900150
2269130
1975570
1463140
1465020
1465960
1465970
2083220
2556080
1465990
2062670
1466060
1791800
1466080
1466120
1466910
1791740
1466170
2121940
1466230
1466450
1466560
1599910
1466280
1466540
1465320
1466710
1466720
1465360
2835276
2838098
1467050
1367950
2091080
2791080
1369840
2247380
1369050
1467320
1729470
2703880
2256200
2240700
2423140
1679970
2787220
2847921
1600090
2570340
1600140
1638870
1832490
1832320
1900590
1803750
1571330
2839747
2837804
2511540
1468210
1468300
1954230
1469400
1469410
1469420
1681830
1470030
1827000
1828290
2256990
1827300
2681410
1792150
2833012
1470180
2614960
1828250
1470170
2827491
2614640
2846715
2415830
1827190
1827200
2828940
2055480
1679660
2108620
2829635
2844409
1625620
1679810
1681460
2429980
2597150
2536990
2832617
1625630
2687720
1625580
1471910
2555960
2556070
1625760
1679640
1570810
2625060
2845970
1472120
1901270
1652690
1680710
2230180
2664740
2664800
1680680
2839185
2844479
1679750
1473080
2264400
1473100
1901300
1471930
2062890
2829936
2826667
1689030
1679790
1680820
2842236
1740730
2827172
1472160
1679700
1625530
1563290
2659670
2514950
1616960
1616970
1625570
2750760
1471950
1681440
1680720
1625640
1680730
1740640
2831697
2835730
1563300
1955690
2617720
1901410
2576400
2098710
2567680
2834600
1838680
1625810
1838750
2841811
2833893
2607810
2577460
1901540
1626010
2569430
2832960
2602270
1626000
1626030
1625880
2089890
1475340
2846633
2825180
1625910
2749190
1841130
1771520
2827148
2029540
1607360
1626330
2827700
1704860
2841757
2843950
1690920
1625460
2194830
1681630
1475050
1625830
2836213
1477930
1680810
2612810
2200830
2250580
1477590
1664190
2248700
1476880
1477800
2816800
1342590
1901990
2825947
1486970
1803200
2686020
1487240
1770190
1564410
2183400
2629360
1771510
1626440
2521200
1418970
2840936
2839731
2453190
2453220
2647020
1366270
2842171
1376490
1626290
2093890
1478850
1480190
2455400
2787400
1478920
1478940
1481680
2256600
1478980
1478990
1479030
1902820
1480270
1656600
1902830
2838722
1481770
1679020
2829043
1954420
1732970
2382350
2264480
1478540
1479340
1681770
2530020
2842052
1945480
2694800
1479420
2530720
2566830
2785650
1479470
1480570
1804940
1902920
1902930
1679050
1481540
1481220
1680640
2086930
1480630
1480640
1680280
1732900
1732940
2573990
2750810
2813310
1902970
1479760
1601200
1480870
1479840
1583220
2124830
1480910
2180230
2572370
2841255
2842033
1480980
2828162
1481030
1481990
2846700
1680270
2838721
2843548
1473560
2613780
1621810
1474130
1474170
1783280
1474090
1753250
2844307
1473530
2211920
1475830
1797290
1670740
1670770
2587550
2730660
2756530
2177130
1674160
2834531
2436610
2843964
2061070
2233780
1674320
2723980
2834614
1812700
1525870
2180390
1725200
2847138
1525950
1482510
1526000
1482450
1470930
1482520
1526110
1526120
2564020
1526170
1482530
1679100
1526240
1482350
1732860
1732590
1526270
2760210
2837217
1526440
1526460
1526470
1526480
1526560
1526570
2597380
2619520
1689980
1903370
1429025
1730350
2841581
2843714
2843731
2847773
1801630
2652030
1801620
1664790
1954480
1689050
1482730
1484820
1484010
1608960
1617120
1731280
2843911
1484230
2841580
1484030
1483470
1903600
2841686
2842026
1482700
1482760
1689860
2507640
2845165
2014730
1615400
1570910
1689080
2845304
1482780
1731320
1945710
1688920
1731290
1483530
2810210
2841123
2841130
2135740
2844228
1724380
1771410
2845181
1771360
1482620
2845147
2845145
2743290
2836588
1732050
2542130
1732080
2798950
2764350
1487300
1487610
1732090
1487290
1487910
1732150
2257540
1483400
1617160
2531590
1367710
1368970
2098680
2841551
1483650
2452940
2828428
1904690
2639370
2838334
1484130
1626710
1656470
2527980
1571660
1822980
1904740
2707250
1688660
1626820
1488550
1488555
1488080
2254200
1488120
2810200
2273330
1488940
2824020
1797110
2823940
2833560
1489000
2059470
1797010
1489040
1489050
1489060
1489640
2763010
2129460
1489090
1489100
2410110
1488650
1752070
2826361
1488800
1489160
1489180
2138420
1489840
1490100
2065370
2831996
2824110
1904880
1724500
1250010
2764580
2663670
2663680
1656490
1731780
1259010
2151320
2827350
1490770
1568480
1490820
1570150
1805600
1490870
1723980
1485880
1725080
1724900
1633910
1725070
1485910
1486410
1487020
2845384
1725020
2663240
2846581
1724140
1724890
1486310
2434640
2829638
1486110
2845533
1602410
2070070
2078790
1724920
1490130
1622300
1622350
2825460
1490340
1622380
2833825
1710830
2176580
2659360
2183610
1622320
2842821
1487230
1486220
2587760
2213570
2449350
2843796
2119010
1624640
2765420
2827229
1844430
1844230
1499870
2786790
2639040
1844410
1954570
1844210
1905550
2839710
2827131
2827274
2832076
1563580
2587040
1491410
2028460
1491440
2841257
1279280
2180170
1491730
1826330
1922810
1370750
1370620
1847330
1497830
2846616
1905680
1748250
1827620
1905700
2845102
1827720
2646850
1500630
1650740
2385650
1500260
2644240
1500480
2826229
1500510
1500520
1608950
1500550
1500850
1748400
1624720
1500580
2777790
1500280
1748210
1905740
2847503
1827980
2000500
1500300
1826480
2236700
2385560
2703610
2830573
1624710
1748350
2804810
1827770
1616770
1501185
1492050
1561000
2840667
1356860
1496510
2158880
1492250
1748600
1905890
2761420
2222310
1905960
1492690
2590540
2245700
2093490
2522320
1493170
1748540
1492660
1496690
1772360
2224680
1493250
1498120
1674460
1690780
1906040
1492520
1493300
1493480
1493560
1656310
1772440
1980610
1498160
1906080
1493650
1493660
1491250
2840716
2526630
1500780
2558730
2236570
1494060
2453640
1497530
1772420
2844020
1736080
1928150
1494520
2512420
1494530
1691040
1906510
1494770
1615270
1494820
2519230
1494950
1906540
1745000
1847750
2061570
2826953
1698110
2563970
1495210
1566260
1624950
1495250
1495260
2167030
2847600
1625010
1497580
2836728
1495390
2433680
1495410
1495430
1497590
1652820
1496440
1689520
1564440
1690040
1504660
1690010
1906710
1564430
1616820
2584180
1689390
2827226
1689540
1823000
1689550
1498430
1498420
1498510
1498500
1498720
1498630
1501820
1632540
2840448
1722910
1502030
1502040
1502110
1622250
1583790
2837607
1502270
1906910
1906920
2428100
2477030
2823140
2518920
1498940
1498950
2091170
1503200
2056170
2056840
1505250
2092140
2742680
2842860
1503550
1503620
1503730
2091680
1723490
1503800
1505480
1503920
1503980
1503990
1823370
2828425
1504000
1505540
1504010
2590260
1622190
1504170
1504420
2177030
1506250
1506260
1506280
1507100
2179580
2840073
2841603
2524890
1732190
1507240
1506100
1506410
2037730
2844679
1507340
1506470
1506490
2275780
2845661
1507450
2845660
1506430
2090760
2834981
1506550
1506810
2630640
1663430
2252110
1506610
1732180
2846365
1603200
1506700
2397550
2150030
1583900
1907330
2626110
1509380
2517150
2178050
1626580
1510840
2828297
2068040
2827839
1512160
2442480
1843180
2134120
2828302
2843043
2130110
1510420
1511070
1510460
2734940
1843120
1510540
1511170
1954670
1511100
1681340
1510570
1511210
2142720
2832280
1843230
2838149
1511330
2829542
1626530
2829295
1510580
1681330
1510560
1626550
2639810
1511490
1570750
1680440
1617090
1621890
2259170
2062490
2831384
1723660
2220200
2694580
1509600
1509670
2832811
1679900
1509720
1509760
1509810
1509870
1509880
2835443
1509940
1509980
1510180
1510190
1509750
1509730
2843713
1509830
1509840
2824900
2832057
2839243
1512430
1512460
2251150
1512400
2613400
2534500
2826798
2615900
1515800
2685120
2685150
2572100
2685490
2091970
2685160
2685170
2685180
2426080
1729020
2090680
2685230
2685340
1656330
1710640
1805400
2446890
2810820
2685520
2685530
1907770
2230250
1515810
1515820
2720170
1517270
2815990
2826701
2270270
1570010
1710610
2219140
1954730
1515980
1516150
2248550
2830194
1517610
2845356
1710360
1516010
1518020
2230240
2708640
2841932
1516020
1710330
1747860
2188580
1516440
1805140
2091100
2259530
2778090
1627220
1518040
1655020
2522650
2771900
2268050
1518390
1627480
2021760
1517340
1954740
2618180
2685100
1516030
2559170
1747840
1627080
1517290
2536230
1907960
2133960
2828274
1518430
1614880
1517440
2122970
1748500
1516060
1516070
1747900
1908000
2586150
2091630
2837382
2558490
1516860
1516120
2192430
1627140
2515620
1515540
2398730
2841949
1627150
1518060
1627300
2843493
2717870
2833261
1908150
2225400
1518200
1518440
1627440
1805350
1709950
1615470
2683280
1710370
2598210
1627240
1514500
1648520
1514170
1946750
1521080
1521170
2574780
1690210
1513420
1946660
2178160
2584480
1632930
1194080
2826355
2517970
1908400
2833205
1565760
1690190
1690310
2701420
2834480
2538600
2015260
1908440
2101790
1514690
2825906
1513960
2395110
2670620
1520880
1520960
1520990
1521000
1954600
1627320
1669710
2848016
1514760
2834502
2525590
1919530
1690070
1522190
2749280
1522210
1522220
1522340
2034550
2270250
1522480
1522510
1522650
1522680
2835016
1822720
1523380
1822800
1522920
2648760
1523050
1617200
1584260
1822870
1689510
2843919
2514700
2841896
2741080
2837622
1519240
1519070
1520290
1533770
1710030
1520070
1616460
1807060
2840159
1648760
1710190
1518640
1569840
1783260
1518660
1671130
1209330
2561540
2572980
2142800
1710280
2247870
1710200
2831717
1519180
2408860
2840616
1710060
1518690
1520080
1518650
1621970
2586600
2841958
1518910
2609930
1584720
1519800
1710760
1520510
1671120
2542250
1518710
2589220
1797220
1571430
2741130
1616480
1519560
2000920
1521480
1783360
2173040
2842717
2094090
1783340
1521670
1621990
1783290
2176900
1783080
2847084
2843024
2803160
2829714
2150050
1523510
1523530
1523570
1523580
1523590
1568180
2431150
1603750
2210260
1954820
2403690
1783160
2183300
1524080
2157620
2561350
2152090
1640950
2056390
1909390
1671720
2265150
2438260
2438270
1671760
2835806
1525160
2068380
1525370
1604060
2836092
2840446
2823710
1525520
1363750
2179960
1216370
1216380
2680760
2680770
2092130
1812580
1525850
1812590
1525920
2845939
2217560
1526280
2724880
1811970
1705940
2830511
2015840
1641570
1527620
1641720
1737490
1527690
1527700
1731480
1731610
1731670
1731590
1604600
2833174
2097080
2826070
2229310
1722370
1529090
2833482
2831198
1529230
2271020
1673320
1672320
2609340
2834327
2560090
2836300
1672490
1954870
2514320
1673280
1642340
1476170
1834800
1673080
1808360
1638430
2823010
2525100
2714090
2844653
2212180
1529470
1673330
2844656
1531130
1672040
2629910
1671960
2828228
1530930
2739540
2833923
2013330
2739550
2091720
1641290
1531400
2015460
2739770
1531260
2669400
1956970
2535410
1531480
2644140
1752330
2772250
1604910
2108790
1532830
2514140
2833713
1641330
2575250
1531660
2646340
2739780
1911620
2766330
2766340
1532500
1656090
1641350
1656100
1532550
1531780
1911680
1752360
1532610
1650040
2537540
2843574
1532770
1807870
1656110
1752570
2739600
1534160
1534230
2447820
2232210
2577020
1823140
1533280
1533300
2183500
2404430
1812260
2402030
2838301
2607720
1981130
1671160
1642180
1534200
1674770
2188310
1912310
1641910
2804770
1534080
1641880
2258030
2449260
2514030
2832730
2841812
2401590
1534940
1773470
2017950
2513990
1618410
1807550
2558750
2033820
1665030
2009910
1618390
1722390
2832272
1947670
2828608
2828609
1665220
1912570
1292180
2744620
2664120
1536090
2828109
2645820
2581640
1712060
2431430
1739460
1760040
1796720
1739420
1796800
1538380
2625620
1735800
1739470
1629390
1735710
2004060
1536340
2717700
1568330
2745030
2210530
1537410
2846604
1153830
2673410
1536960
2833463
1739440
1957040
1552450
2196940
2685760
2704670
2704700
2842893
2836836
1759430
2840432
1712080
2745900
1947780
1839980
1539110
2834623
1662390
1819130
2657100
2712910
2770750
1539710
2781280
2585140
2513810
1540310
1745750
1541960
1826760
1826750
1540030
1826670
1540800
1540930
1540370
1539780
1540390
1541280
2709720
2833903
1540510
1540400
1540410
1913710
1539220
1540440
2847963
1540450
1913720
1539810
1540470
1913730
2667300
1539820
1540850
1539360
1614940
1745490
2565400
1913810
1539840
2529480
1542370
1745710
2455150
1540500
1826830
1540520
2833451
1839970
1540210
1542290
1913870
2174690
2681630
2842758
1540530
1539890
1745240
2842757
1913920
2806640
1540230
1539910
1540900
1605710
1540720
2529230
2398080
1539950
2020830
1653220
2180280
1179640
2606520
1538780
1695050
1695520
2841047
1774430
1695190
1695090
2828392
1695490
1774390
2844530
1693320
1543920
1914390
2707860
1686840
2532430
1616400
1984500
1572000
1794210
2740900
1914420
1914430
1819030
1676670
1914450
2833832
1563320
2513020
2679550
1836240
1819000
1914470
1545460
2773420
1573700
2834743
1545940
1836230
2829431
2712370
1565870
1676790
2532290
1836260
2174640
2828948
1545190
2148280
1545200
2828947
2836997
1818790
2512990
1565880
1565890
2025410
2565610
1914580
1537010
1914590
2826850
2828265
1829500
2513040
2825926
2777530
2836212
1546170
1547060
1984140
1662200
2219130
1794570
1547070
1545100
1662190
1686830
1545750
2836075
1829510
2561470
1686910
1836220
2734260
1794580
2223410
1914730
2512930
1819070
1914750
1543970
2148220
2513110
1536920
1544030
1914840
2682460
2598800
2274020
2585560
1651770
1544770
1958330
1544110
1719670
2598950
1543080
1543100
1544790
2275970
1543060
1544430
1544270
1544300
1605930
1711130
1711730
1544420
2354020
2399740
1544540
1544560
2818630
1543810
1544655
2844076
1834780
1547840
2683400
1547850
1547860
1547930
1548440
2170230
2819840
1548050
1738600
2832626
1548040
2686610
1548150
2686630
1548180
2728980
2683680
2842627
1548260
2757380
1643810
2683750
1775640
2686970
2686980
2688230
1548760
1775750
2687020
2722810
2687090
2606230
2687140
1548830
2687190
1775790
1775760
1548690
1549190
1822090
1821860
1643960
1549330
1549880
1915480
1915490
1915500
2623440
1550850
1555080
1555090
1550870
2831671
1551090
1823940
1585100
2779160
1823920
1821600
2544910
1549720
1795670
1795710
2006470
2841600
2239710
2845012
1551030
2756210
1739020
1739060
2803100
2188950
2175540
2255560
1549730
2846959
2844098
2254290
2561750
2257350
2518730
1915800
1552250
1834910
1823710
1838440
2841483
2834769
1838460
2836464
1915870
1840310
1840230
2590720
1837660
1835060
2177170
1616050
2831031
1554650
1814780
1606270
2209280
1644850
1810570
1915940
2567510
1553560
1553570
1585130
2247420
2835720
1775290
1554670
2407890
2612650
1916000
2511780
1916020
1553350
1775230
2669350
1554250
1814820
2847689
2567560
1553920
2827192
1553930
1644790
2841908
2151450
2827235
1775340
1814830
1554620
1638690
2756310
1553980
1775220
2845358
1853000
1775170
2181370
1554080
1606320
1555350
2818250
2759060
1644370
2529260
1555460
2504370
1758060
1555760
1757920
1815670
2835518
1852980
1621160
1758050
1570160
1738860
1838500
2511670
1644350
2830402
2562280
2815030
1838490
2733580
1644410
1648230
1555960
1739230
2828830
1555980
1739260
1555990
1738390
1739250
1739160
2629560
2707030
1758600
1644040
1916400
1916410
2511620
2845640
1556450
2841300
1556340
1556460
1556470
2531740
1918650
1556960
1556480
2671630
2846283
1557520
2846599
1556530
1556560
2596320
1758760
1556310
1758710
2511610
1556300
1557430
2141130
2621010
1557540
2511640
2845375
1758590
1557330
1758690
1556250
1557870
2001850
1557280
2215490
1644020
1644030
1556280
1843400
1556320
2821620
1558110
1558260
1558190
1585770
1558230
2399990
2511560
2650800
2844210
1782140
1644210
2846424
1558440
2412040
1558510
2511520
2017230
2178360
2843089
1559150
1916670
2511480
2538010
1916690
1781860
2833650
2837976
1559770
2836615
2578330
1775450
1618660
2088570
2843767
1561060
1840450
2592960
1840950
1664430
1840460
1840620
2833302
1840780
1840800
1560890
1561160
1955280
2829618
2844474
2522350
2829356
2826565
1916950
1560580
2846532
2573540
1840670
2734630
1628230
2846419
1840730
2832792
1840700
1840810
2224510
2637870
2762590
1561450
2830474
1561440
1560030
1917060
2845773
1775930
1561320
2510150
1917100
2840725
1644680
1775970
2177200
1618680
2510080
1561780
2847585
2845149
1762630
2513260
2671160
2671190
2847348
1561910
2833744
2811900
2577300
2652130
1562140
1983080
2220840
1812850
2825968
2130500
2783570
1782950
2758840
2097870
2005680
1651370
2582030
1562830
2004100
2154920
2817520
2126080
1016990
1919690
2841468
1961610
2841504
2229480
2594120
2173730
2133780
2845740
1984970
1041840
2786160
1042290
2186280
2827138
2482400
2838278
2756780
2846389
2671070
2845265
2834735
1053070
2778180
1054860
2421850
1316860
2843839
1065730
2234580
2095670
2302090
2306160
2754290
2463370
2829200
2838471
2839350
2754520
2618130
2832001
2315220
2606070
1090600
2186070
2766000
2266340
1097650
2478720
2150840
2834848
2724130
2703710
2710720
1106080
1929680
2528140
2663100
2221070
2831587
2848067
2537370
2397330
2835482
2327170
2841169
2640910
2243260
2694440
2694590
2181640
2493100
2331910
2710110
2710120
2816700
2840368
1135620
2673190
2207500
2518800
2488500
2611390
2265720
