2779330
1792960
1229680
1638180
2122880
2598760
2100540
1401680
2744110
1972010
1896060
1851130
2651390
1915750
2766260
2799640
2826060
2550360
1765820
2766510
2451730
2184860
1487350
1859000
2129300
1930480
2056950
2102310
2476010
2731420
2833929
2673220
1949390
2830495
1679060
2035390
2440830
2035380
1891280
2838953
1847020
2840078
2440820
2402210
2016430
1171830
2417660
2237880
2838758
1522070
2840450
2817550
2836609
1777610
2213680
2838935
2228020
2847928
2837605
2842736
2520810
1066210
1111010
2829161
1056480
1092150
2733390
2254940
2841421
1120920
1979230
