2662310
2662660
2663560
2666020
2666360
2666720
2670700
2670960
2671840
2675950
2677100
1384990
1745170
2792020
1802720
1888400
2711470
1386550
1568300
1853280
1386220
2831726
1662330
1570300
2017030
1638710
2206440
1769060
2835639
1736280
1312900
2818070
1966940
2865060
2869749
2869753
2869761
2869762
2869768
2869770
2869771
2869772
2869779
2869788
2869790
2869791
2869792
2869793
2869794
2830300
2635000
2831880
2670540
2785850
2647710
2179240
2327080
2829549
2408660
2846153
2039490
2417210
2526460
1337470
2832898
2833187
2303360
2269430
1530870
1050770
2695760
1825580
2167400
1300910
2830526
1212430
2794660
2561650
1739050
1231510
1620520
2780440
1720770
2199620
2199410
2166920
2244610
1387950
1621500
2582000
2239790
1620060
2682410
1470040
1569350
1766230
2422580
1254580
1014780
2763160
1938870
2093260
2837731
1695910
