* kanji - 0
----------
word - 15
----------
90000 - 20
small - 10
small2 - 10
ludzie - 15
uzupełniacz - x
-----------
suma: 70

------
grupy:

1000200
1008940
1021150
1059800
1099610
1109440
1132010
1147790
1150080
1150900
1205310
1212550
1222230
1231840
1267350
1287520
1329150
1367700
1378510
1392160
1418760
1418890
1426690
1426710
1434220
1435820
1435830
1457250
1463690
1505910
1537690
1542700
1546590
1574640
1577490
1630080
1654450
1655440
1661400
1665690
1712480
1762890
1808400
1817870
1855790
1856550
1860340
1860460
1867830
1869690
1880710
1909290
1912130
1917660
2025500
2056220
2056620
2064850
2235710
2238050
2238090
2238100
2238150
2255200
2258230
2258240
2264750
2429020
2458040
2514860
2530090
2540650
2610990
2620870
2643440
2737880
2745250
2761610
2782750
2796380
2822120
2822150
2822180
2822190
2822200
2822220
2822300
2822310
2822550
2822570
2822580
2827368
2827371
2827374
2827376
2827379
2827395
2827396
2827414
2827419
2827723
2827915
2827916
2835487
2837334
2838622
2841231
2842551
